1572467835.8482969, 1
1572467835.885297, 2
1572467835.9172988, 3
1572467835.9503329, 4
1572467835.9832964, 5
1572467836.0162976, 6
1572467836.0484877, 7
1572467836.0815299, 8
1572467836.1185231, 9
1572467836.1515143, 10
1572467836.1845186, 11
1572467836.2164843, 12
1572467836.2494886, 13
1572467836.2824845, 14
1572467836.319569, 15
1572467836.3524852, 16
1572467836.3845148, 17
1572467836.4175246, 18
1572467836.4505243, 19
1572467836.4835, 20
1572467836.5154839, 21
1572467836.5525265, 22
1572467836.5855258, 23
1572467836.618517, 24
1572467836.6515205, 25
1572467836.683488, 26
1572467836.7164857, 27
1572467836.7494845, 28
1572467836.7865288, 29
1572467836.818484, 30
1572467836.8515205, 31
1572467836.8844888, 32
1572467836.917485, 33
1572467836.950486, 34
1572467836.982483, 35
1572467837.0194836, 36
1572467837.052516, 37
1572467837.0855067, 38
1572467837.1175158, 39
1572467837.150488, 40
1572467837.1835268, 41
1572467837.2164845, 42
1572467837.2525253, 43
1572467837.2855175, 44
1572467837.3184857, 45
1572467837.3515153, 46
1572467837.3844843, 47
1572467837.4164844, 48
1572467837.4494846, 49
1572467837.4784842, 5, 49
1572467837.4865248, 50
1572467837.5195246, 51
1572467837.5275228, 5, 51
1572467837.552515, 5, 52
1572467837.5554845, 51
1572467837.5584846, 5, 52
1572467837.5855165, 5, 53
1572467837.5894856, 52
1572467837.591516, 5, 53
1572467837.6185157, 5, 54
1572467837.6215174, 53
1572467837.624515, 5, 54
1572467837.6504872, 5, 55
1572467837.6545155, 55
1572467837.6575172, 5, 55
1572467837.6834853, 56
1572467837.7195158, 57
1572467837.7525153, 58
1572467837.7855194, 59
1572467837.8185165, 60
1572467837.850491, 61
1572467837.8834844, 62
1572467837.9164846, 63
1572467837.953486, 64
1572467837.986524, 65
1572467838.0195177, 66
1572467838.0515244, 67
1572467838.0844853, 68
1572467838.0884864, 0, 68
1572467838.1174843, 69
1572467838.137524, 0, 69
1572467838.1504858, 70
1572467838.1865294, 71
1572467838.2194862, 72
1572467838.252514, 73
1572467838.2855225, 74
1572467838.317494, 75
1572467838.3504844, 76
1572467838.3834846, 77
1572467838.420514, 78
1572467838.4534857, 79
1572467838.4855144, 80
1572467838.5185144, 81
1572467838.5514827, 82
1572467838.5844843, 83
1572467838.6174834, 84
1572467838.6534836, 85
1572467838.6865926, 86
1572467838.6944866, 3, 86
1572467838.7195146, 87
1572467838.7445178, 3, 87
1572467838.7474844, Lap, 87
1572467838.7504845, 3, 87
1572467838.7545147, 88
1572467838.7844875, 89
1572467838.7935147, 3, 89
1572467838.8184874, 90
1572467838.8225343, 3, 90
1572467838.8514874, 91
1572467838.8545158, 3, 91
1572467838.8874862, 92
1572467838.8924844, 3, 92
1572467838.920485, 93
1572467838.9254842, 3, 93
1572467838.9535377, 94
1572467838.9565158, 3, 94
1572467838.985524, 95
1572467839.0184863, 96
1572467839.0514848, 97
1572467839.083515, 98
1572467839.1205258, 99
1572467839.153524, 100
1572467839.1864843, 101
1572467839.2194839, 102
1572467839.2514849, 103
1572467839.2844849, 0, 103
1572467839.2885282, 104
1572467839.3175137, 105
1572467839.333524, 0, 105
1572467839.3545353, 106
1572467839.3584836, 0, 106
1572467839.3874843, 107
1572467839.3924859, 0, 107
1572467839.420517, 108
1572467839.4234855, 0, 108
1572467839.452512, 109
1572467839.4565156, 0, 109
1572467839.4855137, 110
1572467839.4894824, 0, 110
1572467839.5104828, 5, 110
1572467839.5184872, 111
1572467839.5504823, 112
1572467839.5595162, 5, 112
1572467839.562515, Lap, 112
1572467839.5655143, 0, 112
1572467839.5874832, 113
1572467839.6124825, 0, 113
1572467839.6154845, 5, 113
1572467839.6204839, 114
1572467839.653514, 115
1572467839.6614826, 5, 115
1572467839.6654835, 0, 115
1572467839.668483, 5, 115
1572467839.6714826, 0, 115
1572467839.6744823, 5, 115
1572467839.6774838, 0, 115
1572467839.6814833, 5, 115
1572467839.685494, 0, 115
1572467839.6885161, 5, 115
1572467839.6925051, 0, 115
1572467839.6955135, 5, 115
1572467839.6984859, 0, 115
1572467839.7015152, 5, 115
1572467839.7045171, 0, 115
1572467839.7084851, 5, 115
1572467839.7115257, 0, 115
1572467839.7145145, 5, 115
1572467839.7175171, 0, 115
1572467839.721514, 5, 115
1572467839.7244859, 0, 115
1572467839.7284853, 5, 115
1572467839.7315164, 0, 115
1572467839.7345145, 5, 115
1572467839.7375145, 0, 115
1572467839.741486, 5, 115
1572467839.7444854, 0, 115
1572467839.7474844, 5, 115
1572467839.7514887, 0, 115
1572467839.7554858, 5, 115
1572467839.7585151, 0, 115
1572467839.7624855, 5, 115
1572467839.7655156, 0, 115
1572467839.768511, 5, 115
1572467839.7715151, 0, 115
1572467839.7745147, 5, 115
1572467839.7784855, 0, 115
1572467839.781517, 5, 115
1572467839.7844844, 0, 115
1572467839.7894886, 5, 115
1572467839.7924843, 0, 115
1572467839.796486, 5, 115
1572467839.799486, 0, 115
1572467839.8024843, 5, 115
1572467839.8054845, 0, 116
1572467839.8084843, 115
1572467839.8124838, 5, 116
1572467839.8154845, 0, 116
1572467839.8195157, 5, 116
1572467839.822484, 0, 116
1572467839.8264828, 5, 116
1572467839.8294826, 0, 116
1572467839.8324828, 5, 116
1572467839.8354826, 0, 116
1572467839.8384843, 5, 116
1572467839.8454823, 117
1572467839.8494837, 5, 117
1572467839.8575125, 118
1572467839.8615165, 5, 118
1572467839.8695226, 5119
1572467839.8724842, , 119
1572467839.875483, 5, 119
1572467839.8844845, 120
1572467839.889483, 5, 120
1572467839.8984828, 121
1572467839.9014828, 5, 121
1572467839.909483, 122
1572467839.9134827, 5, 122
1572467839.9214833, 123
1572467839.9254837, 5, 123
1572467839.9524837, 124
1572467839.9844847, 125
1572467840.017484, 126
1572467840.0545254, 127
1572467840.0875142, 128
1572467840.1205144, 129
1572467840.1524832, 130
1572467840.1854854, 131
1572467840.218515, 132
1572467840.2514844, 133
1572467840.288486, 134
1572467840.3205132, 135
1572467840.337514, 5, 135
1572467840.3545163, 136
1572467840.358489, 5, 136
1572467840.3874981, 5, 136137
1572467840.3915088, 
1572467840.3955154, 5, 137
1572467840.419515, 138
1572467840.4235146, 5, 138
1572467840.4525187, 139
1572467840.4564843, 5, 139
1572467840.4854848, 140
1572467840.4894843, 5, 140
1572467840.5215135, 141
1572467840.5255141, 5, 141
1572467840.5545137, 142
1572467840.5585144, 5, 142
1572467840.5874863, 143
1572467840.5914843, 5, 143
1572467840.6205206, 5, 144
1572467840.6245136, 143
1572467840.6275246, 5, 144
1572467840.653516, 145
1572467840.657522, 5, 145
1572467840.6865144, 146
1572467840.6904824, 5, 146
1572467840.718483, 147
1572467840.7234824, 5, 147
1572467840.7555168, 148
1572467840.7595267, 5, 148
1572467840.7884836, 149
1572467840.7924836, 5, 149
1572467840.8204827, 150
1572467840.8254855, 5, 150
1572467840.853515, 5,151
1572467840.8574984,  151
1572467840.8614855, 5, 151
1572467840.886536, 152
1572467840.8924847, 5, 152
1572467840.9194875, 5, 1153
1572467840.9244843, 52
1572467840.9294887, 5, 153
1572467840.9524848, 154
1572467840.956516, 5, 154
1572467840.9884858, 155
1572467840.9925053, 5, 155
1572467841.0215266, 156
1572467841.0535147, 157
1572467841.0865142, 158
1572467841.1194835, 159
1572467841.152486, 160
1572467841.185485, 161
1572467841.2215137, 162
1572467841.2545135, 163
1572467841.2875152, 164
1572467841.3204858, 165
1572467841.3524883, 166
1572467841.385484, 167
1572467841.4184844, 168
1572467841.4555144, 169
1572467841.488485, 170
1572467841.5204854, 171
1572467841.553514, 172
1572467841.5865152, 173
1572467841.6194844, 174
1572467841.6514826, 175
1572467841.688542, 176
1572467841.721522, 177
1572467841.7545145, 178
1572467841.7875252, 179
1572467841.8194878, 180
1572467841.8524847, 181
1572467841.885484, 182
1572467841.9224842, 183
1572467841.955515, 184
1572467841.9875169, 185
1572467842.0205135, 186
1572467842.0535142, 187
1572467842.0864859, 188
1572467842.1185157, 189
1572467842.155515, 190
1572467842.188524, 191
1572467842.2215154, 192
1572467842.2544851, 193
1572467842.286487, 194
1572467842.319488, 195
1572467842.3524845, 196
1572467842.3894858, 197
1572467842.4215176, 198
1572467842.454484, 199
1572467842.4874952, 200
1572467842.5204852, 201
1572467842.5534844, 202
1572467842.5854838, 203
1572467842.6225257, 204
1572467842.65551, 205
1572467842.688519, 206
1572467842.7214866, 207
1572467842.7534852, 208
1572467842.7864954, 209
1572467842.819483, 210
1572467842.8564825, 211
1572467842.8884835, 212
1572467842.9214861, 213
1572467842.954516, 214
1572467842.9874828, 215
1572467843.0194845, 216
1572467843.052484, 217
1572467843.0895782, 218
1572467843.122573, 219
1572467843.1555152, 220
1572467843.1875165, 221
1572467843.2204883, 222
1572467843.2534857, 223
1572467843.286485, 224
1572467843.323519, 225
1572467843.3555236, 226
1572467843.3885076, 227
1572467843.4215238, 228
1572467843.4545162, 229
1572467843.4864845, 230
1572467843.5194845, 231
1572467843.5565257, 232
1572467843.589486, 233
1572467843.6224842, 234
1572467843.6544871, 235
1572467843.6874845, 236
1572467843.7204857, 237
1572467843.7534845, 238
1572467843.7894862, 239
1572467843.8225198, 240
1572467843.8555145, 241
1572467843.8884835, 242
1572467843.921483, 243
1572467843.9534843, 244
1572467843.9864826, 245
1572467844.0234826, 246
1572467844.0564828, 247
1572467844.0884836, 248
1572467844.1215143, 249
1572467844.1544828, 250
1572467844.1874857, 251
1572467844.2204835, 252
1572467844.2564833, 253
1572467844.2894843, 254
1572467844.322513, 255
1572467844.3555303, 256
1572467844.387484, 257
1572467844.4204845, 258
1572467844.4534845, 259
1572467844.4905584, 260
1572467844.5235167, 261
1572467844.5555096, 262
1572467844.5884833, 263
1572467844.6215131, 264
1572467844.654487, 265
1572467844.6865096, 266
1572467844.7234848, 267
1572467844.7565238, 268
1572467844.7895248, 269
1572467844.8225155, 270
1572467844.8544881, 271
1572467844.8874831, 272
1572467844.9204843, 273
1572467844.9575152, 274
1572467844.9905145, 275
1572467845.022515, 276
1572467845.055515, 277
1572467845.088485, 278
1572467845.1214845, 279
1572467845.153537, 280
1572467845.1905234, 281
1572467845.2235193, 282
1572467845.256517, 283
1572467845.2895155, 284
1572467845.3214848, 285
1572467845.3544836, 286
1572467845.3874831, 287
1572467845.42454, 288
1572467845.4565146, 289
1572467845.4895155, 290
1572467845.5225194, 291
1572467845.5555243, 292
1572467845.5884871, 293
1572467845.6204824, 294
1572467845.6575158, 295
1572467845.690491, 296
1572467845.7235167, 297
1572467845.7555237, 298
1572467845.7884846, 299
1572467845.821484, 300
1572467845.8544827, 301
1572467845.8914857, 302
